   0.000250426703532   0.997868789541118
   0.000756942198413   0.997872434645535
   0.001255433481301   0.997916379846243
   0.001752164721018   0.997896287008189
   0.002252667364508   0.997907473767547
   0.002754934614343   0.997824318151848
   0.003255252245420   0.997729107382752
   0.003746134158851   0.997801592963898
   0.004248420456234   0.997791319057859
   0.004744375546352   0.997894045791737
   0.005249236706900   0.997910681802765
   0.005749825305979   0.997911041844153
   0.006248888622749   0.997682238053419
   0.006743143281156   0.997766239268642
   0.007253431459893   0.997812300581824
   0.007755382504625   0.998009162343197
   0.008247087414930   0.997819194005194
   0.008749632127341   0.997846306296228
   0.009248131826248   0.997760175794795
   0.009747766477933   0.998061838511542
   0.010255887210796   0.998090497283048
   0.010755423257595   0.998303537930900
   0.011250584758030   0.998642955235616
   0.011749324055628   0.998925795840842
   0.012238168497598   0.998954522733887
   0.012744828478192   0.999161833222767
   0.013252599562737   0.998994254035714
   0.013749136866390   0.999137716270188
   0.014255630482438   0.998918258394237
   0.014753857954737   0.998917831435348
   0.015251078179995   0.999045079469681
   0.015750035988758   0.998952047424278
   0.016254936235161   0.999055364243905
   0.016756328797349   0.999007461085234
   0.017250086876933   0.999138165733771
   0.017750936242499   0.998957644207309
   0.018247252668755   0.999091011934941
   0.018751878732553   0.999203576726556
   0.019249853651769   0.998823923379303
   0.019747191714721   0.999171217441559
   0.020241894072343   0.999017659537568
   0.020751058742955   0.999051816747409
   0.021253340218987   0.998918332973448
   0.021746470437173   0.999060489530638
   0.022250812186781   0.999124788569297
   0.022747748405251   0.998782340677265
   0.023248792805685   0.998978630815234
   0.023757727771359   0.999156840116139
   0.024254144921210   0.998941049130887
   0.024750929307970   0.999070754270993
   0.025251013495219   0.999126298137170
   0.025741638801515   0.999042163869652
   0.026246998664248   0.999017054435236
   0.026752923483560   0.999068977039697
   0.027250298542409   0.999017507354648
   0.027753311748504   0.999073671263228
   0.028252616603429   0.999091737513926
   0.028753517977231   0.998862087845802
   0.029252338369685   0.999079571211077
   0.029756377431376   0.998878838531524
   0.030254320241189   0.999097434592768
   0.030747558834657   0.998973455227597
   0.031250816902500   0.998990551991896
   0.031746600320990   0.998885775127673
   0.032253435981979   0.999046322404753
   0.032751999819370   0.998973225393603
   0.033249788328379   0.999056337130947
   0.033742869807966   0.999053435012548
   0.034253076735376   0.998946000607508
   0.034754582686869   0.998677741195156
   0.035245380725158   0.999271327799017
   0.035750803005529   0.999067247608333
   0.036245920956564   0.998963319909029
   0.036744958694636   0.998928023171875
   0.037256034776782   0.999102520352543
   0.037754204923844   0.998958181635088
   0.038250869477740   0.999011089086533
   0.038749108958997   0.999115072854675
   0.039242599373296   0.999084745895838
   0.039746477461622   0.998902517167207
   0.040252611573257   0.999107446075695
   0.040751985208367   0.998965748018948
   0.041252889911189   0.999159169628826
   0.041752061275803   0.999065946545121
   0.042253770802788   0.998962469696999
   0.042754916466919   0.999021482514584
   0.043256187137046   0.998877973857528
   0.043753466350546   0.998985689619313
   0.044249016222334   0.999080149509646
   0.044752776969441   0.999174377871949
   0.045251666243793   0.999073005840926
   0.045753408686640   0.998975651197699
   0.046253447377439   0.999056984646486
   0.046749241940538   0.998801297994249
   0.047241937306693   0.998960904654909
   0.047749229761918   0.999143365076033
   0.048253601110663   0.998990840354904
   0.048745702005938   0.999058314630573
   0.049249556711131   0.999023808308544
   0.049745477673382   0.999062176009141
   0.050244821943385   0.998882902487544
   0.050755420677871   0.999133824592545
   0.051253149233775   0.998958905937686
   0.051749451382374   0.999059065879579
   0.052249075638793   0.998967242999295
   0.052744661157102   0.998808616313381
   0.053245668065345   0.999084498600486
   0.053752535237893   0.999082037641958
   0.054250500858672   0.998892543006740
   0.054750822645774   0.998999554349715
   0.055249502034450   0.999114479538957
   0.055753276188185   0.999003441197666
   0.056256165090636   0.999118725187145
   0.056754625904578   0.998992522876105
   0.057253600046524   0.998965792445575
   0.057749938316578   0.999166245532758
   0.058252161434360   0.999129841725031
   0.058755662614393   0.998865955405765
   0.059256847055131   0.999304513773603
   0.059751596520406   0.999066773021645
   0.060251237233544   0.999113234735671
   0.060744350972230   0.999076258892916
   0.061249381460780   0.999165942628352
   0.061750339333702   0.999000107218151
   0.062244213675006   0.999284558616608
   0.062751203761225   0.999190971342785
   0.063245499610634   0.999127813180288
   0.063744621415500   0.999107490865855
   0.064257314152789   0.999110756757968
   0.064752509562431   0.999051247803978
   0.065247699465861   0.999165098695360
   0.065750720457072   0.998973390635322
   0.066244993325079   0.999016929464221
   0.066742552129097   0.998966586027505
   0.067253886763184   0.999052873939701
   0.067751266846184   0.999092796544040
   0.068248980168262   0.999202226009407
   0.068746692472297   0.999231051058459
   0.069249923587269   0.999023655115389
   0.069753009460948   0.999100077408867
   0.070254795349797   0.999243768527954
   0.070755556722212   0.999049700592078
   0.071250813800889   0.999263823520942
   0.071755109972325   0.999228914388082
   0.072256207058271   0.999012316384959
   0.072755370082078   0.999114521400245
   0.073254436476146   0.999115457098315
   0.073754214182230   0.999066854949897
   0.074243044930407   0.999166369802355
   0.074748192066799   0.999070541003624
   0.075248557992794   0.999083152090357
   0.075744636918879   0.999320256710053
   0.076252853706368   0.999194005010668
   0.076750723218796   0.999095595847522
   0.077247408970326   0.999173129692730
   0.077755009903246   0.999100886389822
   0.078249024681235   0.999046626699019
   0.078747201522831   0.999176489863610
   0.079250077773183   0.999328947114849
   0.079745785102884   0.999186616498256
   0.080244334545646   0.999100699935964
   0.080752542586119   0.999192874451153
   0.081249764091880   0.999219056893521
   0.081748622244981   0.999233671005756
   0.082246690518899   0.999222397090432
   0.082750801289768   0.999267113115090
   0.083252833698097   0.999222082076686
   0.083751460165624   0.999108114761269
   0.084256389281999   0.999246571728593
   0.084749885213584   0.999248704766533
   0.085251898189392   0.999307913487812
   0.085758212628077   0.999030410398838
   0.086254217002751   0.999494960674873
   0.086753577201970   0.999213565270413
   0.087252080338748   0.999119362424776
   0.087742509334504   0.999315751424389
   0.088247076697720   0.999332014674745
   0.088747736365982   0.999217610867297
   0.089244580733368   0.999449640512466
   0.089751414602601   0.999157961616185
   0.090248896956201   0.999250794021190
   0.090745382206422   0.999282900759807
   0.091254188013704   0.999308706407087
   0.091749229159912   0.999307132902600
   0.092247454234381   0.999402801471181
   0.092748978511162   0.999473030358612
   0.093244652931171   0.999178013217594
   0.093743497631394   0.999253620589830
   0.094251857191845   0.999395448483064
   0.094748460533465   0.999177676985463
   0.095247750245229   0.999328112178169
   0.095749849244402   0.999453165607605
   0.096252072397748   0.999221000419438
   0.096752232938576   0.999382066111716
   0.097248067222606   0.999255674396584
   0.097755372633342   0.999348632571767
   0.098248559199335   0.999304944952739
   0.098752262258698   0.999433184410893
   0.099260536934053   0.999370515947380
   0.099755040959742   0.999544702053070
   0.100254704811746   0.999384366019598
   0.100751845232407   0.999309028188388
   0.101241128909225   0.999335388422978
   0.101747781755781   0.999350992584587
   0.102249932895497   0.999244070762971
   0.102744129323148   0.999571135212724
   0.103250314847307   0.999433893688841
   0.103747786429342   0.999270020201955
   0.104246867931945   0.999460608794771
   0.104752865887903   0.999343670043210
   0.105246042133317   0.999381371568259
   0.105748294170940   0.999552651301144
   0.106250344585294   0.999575529188391
   0.106748167718501   0.999334812403683
   0.107245986944459   0.999504383458851
   0.107753541823420   0.999475807248951
   0.108249445602768   0.999413712230140
   0.108748272546466   0.999453735635958
   0.109249400489979   0.999659337662897
   0.109750936294533   0.999278126976111
   0.110252211707886   0.999504153656237
   0.110747234977383   0.999402469635010
   0.111250513590851   0.999402177241956
   0.111747133509285   0.999532524669221
   0.112251227237732   0.999574468728563
   0.112760115771400   0.999191542909789
   0.113253485008429   0.999632878221481
   0.113754093807069   0.999439603067003
   0.114252496765535   0.999628485222252
   0.114739142615325   0.999579541759951
   0.115248691703537   0.999563239837546
   0.115752165915061   0.999438404791134
   0.116248783294092   0.999769318710335
   0.116752489960168   0.999468568278958
   0.117247067130868   0.999450453286318
   0.117749320786678   0.999592777520361
   0.118253450431913   0.999713478387629
   0.118744365033657   0.999492039799690
   0.119247443929840   0.999699646411556
   0.119749892951203   0.999604532586987
   0.120252119411201   0.999511606827050
   0.120746509616200   0.999752935351464
   0.121252227510263   0.999674339337178
   0.121750739882273   0.999375638728608
   0.122247902743367   0.999826181857359
   0.122750129242007   0.999842290740564
   0.123251805054263   0.999339798348956
   0.123752577639904   0.999735497411281
   0.124249601131214   0.999586541763684
   0.124751117214152   0.999665759416870
   0.125245400401384   0.999714192164313
   0.125751020032355   0.999754159468424
   0.126260678307024   0.999578985024472
   0.126755049188728   0.999703711436200
   0.127255056749001   0.999562415522088
   0.127750742075091   0.999653374205738
   0.128239571996324   0.999697710325818
   0.128748052383397   0.999739638027155
   0.129251477974063   0.999504798601684
   0.129746732799877   0.999898824659240
   0.130251940369659   0.999613396428189
   0.130747766565718   0.999643616607791
   0.131247569371911   0.999732384235242
   0.131747816820562   0.999677852156662
   0.132242696311849   0.999572357558829
   0.132748866783476   0.999711795414195
   0.133248788928994   0.999660671939926
   0.133753468780613   0.999526509862698
   0.134247276882172   0.999830243606416
   0.134752492825264   0.999765853047608
   0.135249862413825   0.999576095216526
   0.135747489101785   0.999734215717579
   0.136250461702731   0.999705437044974
   0.136752742403810   0.999593270775873
   0.137253004147316   0.999740140727792
   0.137748212735940   0.999754307026376
   0.138247497057697   0.999616732433731
   0.138743225419051   0.999893579532191
   0.139250125276732   0.999848229096348
   0.139757756115451   0.999491819243656
   0.140255740720578   0.999879820407725
   0.140756009262266   0.999797992079133
   0.141250196985230   0.999736894673281
   0.141739090688731   0.999837760806084
   0.142247931111501   0.999816302196035
   0.142754179137464   0.999681141668436
   0.143249580312281   0.999867209534007
   0.143750973808433   0.999960848212948
   0.144244832642949   0.999658012886842
   0.144743300465219   0.999864167258853
   0.145248145189628   0.999982746321746
   0.145746083025907   0.999888767602415
   0.146249437028968   0.999877470708083
   0.146748257426828   0.999757177220609
   0.147250624216027   0.999879967559807
   0.147747278713841   0.999792535585236
   0.148251258388478   0.999963089764356
   0.148748441630987   0.999841981793780
   0.149247327729129   0.999796231745726
   0.149747699010405   1.000129540208320
   0.150252687244387   0.999748163791590
   0.150753004579472   1.000118558545668
   0.151247226156411   0.999917012585001
   0.151748834893931   0.999985921733520
   0.152241992634330   1.000032664205610
   0.152748981959628   1.000020580048914
   0.153258042152981   0.999700565642290
   0.153754412599617   1.000118008979316
   0.154255638142709   0.999867505085970
   0.154751334016653   1.000074250790162
   0.155243960910394   0.999892918148426
   0.155747941096966   1.000143968898825
   0.156254366090994   0.999925545779577
   0.156751051956029   1.000007106828303
   0.157250671216550   0.999907827099010
   0.157745603024619   0.999921809486936
   0.158243645043724   1.000156962061391
   0.158747492398289   0.999873141246200
   0.159244649566727   1.000015043976283
   0.159750256447600   0.999938838406064
   0.160246450939160   0.999902712867054
   0.160751632734853   0.999976552485490
   0.161248353349797   0.999896633359585
   0.161749617091147   1.000118144631386
   0.162250021380739   0.999928181223145
   0.162749766005431   0.999910810583794
   0.163247277075479   0.999984398424386
   0.163751289414296   0.999776981538162
   0.164252185830854   1.000136154348200
   0.164748522166248   1.000064071445238
   0.165252703369853   1.000078623454402
   0.165742743129439   0.999888700582787
   0.166252074418865   1.000061414118623
   0.166759440752122   1.000014889063845
   0.167252700129931   1.000064930878580
   0.167753994457248   1.000039084728463
   0.168251128010334   1.000087110042572
   0.168746525270041   0.999973478931297
   0.169249831626632   1.000022706591967
   0.169754164620175   0.999931666798487
   0.170253396833550   1.000177552481135
   0.170753395844357   0.999905254893408
   0.171248093384725   1.000095304907585
   0.171746417185996   0.999973995671849
   0.172248406815837   1.000057863920988
   0.172744938241596   0.999986092642982
   0.173248544311724   1.000082261623844
   0.173746020093569   1.000137083684867
   0.174253038678580   1.000017791582952
   0.174747977297467   0.999903213905273
   0.175248405891904   1.000233068151117
   0.175750881152476   1.000256979701543
   0.176248535593639   0.999920230313956
   0.176747048454029   1.000031874648162
   0.177251965823312   1.000042360037276
   0.177754508690876   1.000265010902958
   0.178250010989335   1.000300117357524
   0.178749846769292   1.000138788419997
   0.179243509242777   1.000147530349229
   0.179749099377211   1.000159575983330
   0.180258111483686   1.000038302018623
   0.180753142747390   1.000133086302701
   0.181253771395273   1.000166421423933
   0.181754565040042   1.000189399647855
   0.182250232037616   1.000139228055175
   0.182751503900353   1.000228516418155
   0.183253600808427   1.000263194243113
   0.183751115561879   1.000180309414864
   0.184250041482979   1.000190674319981
   0.184748969008124   1.000096939336547
   0.185246930544669   1.000079693729311
   0.185747715748862   1.000145540862787
   0.186245477858754   1.000401729684916
   0.186748086704207   1.000233915394652
   0.187243009185090   1.000319478969381
   0.187750326450259   1.000204021405990
   0.188249786160591   1.000249006531455
   0.188748678023527   1.000265770174813
   0.189250576132581   1.000150445566709
   0.189748686989128   1.000061935767895
   0.190246513280466   1.000220862463502
   0.190750934951212   1.000286307265458
   0.191253801175106   1.000347696093895
   0.191750442588574   1.000253444552422
   0.192247736905866   1.000189492981585
   0.192740088852988   1.000126320430913
   0.193248960770507   1.000217275388205
   0.193756256529535   1.000279273218198
   0.194250773901893   1.000230479640133
   0.194754734147103   1.000293868957180
   0.195253841484969   1.000372872443381
   0.195748976801362   1.000126249733425
   0.196250897072452   1.000453590171107
   0.196754197679300   1.000398810855850
   0.197250018467252   1.000094483494759
   0.197751577292222   1.000290541018725
   0.198249045490025   1.000385795685710
   0.198747219036038   1.000147840839166
   0.199250560580501   1.000255872765856
   0.199747173577899   1.000461123013260
   0.200249013338163   1.000174905199454
   0.200742552529307   1.000271371000921
   0.201251880270035   1.000263901971854
   0.201749222723151   1.000343264000756
   0.202247545888261   1.000434398532860
   0.202748856646764   1.000525648894865
   0.203245598731068   1.000177979106594
   0.203744688194082   1.000358350735985
   0.204252384684247   1.000433880250573
   0.204757034285886   1.000145198837403
   0.205252208375416   1.000337339170051
   0.205749372614030   1.000480969629344
   0.206244585316969   1.000227698714463
   0.206750539062796   1.000300862269695
   0.207257347580212   1.000448446214935
   0.207750293320825   1.000368395113992
   0.208255247047160   1.000311280241107
   0.208754255879815   1.000402457342890
   0.209250916123239   1.000484590888023
   0.209752087814017   1.000342702233253
   0.210254524560491   1.000203586029197
   0.210752244410822   1.000605174151075
   0.211250283314503   1.000445844170576
   0.211749033004222   1.000412499617957
   0.212246898717445   1.000350185243027
   0.212751816155513   1.000543042119727
   0.213250434345363   1.000384213668960
   0.213749206125835   1.000386650902200
   0.214243623623038   1.000399054671691
   0.214752169740046   1.000341263295121
   0.215252212582676   1.000248737496101
   0.215745956701430   1.000451212482793
   0.216248796757616   1.000446739159231
   0.216746841051857   1.000272364514630
   0.217242686322684   1.000491934180024
   0.217751340691784   1.000415640630463
   0.218254163372704   1.000304303836629
   0.218749494512387   1.000388097478099
   0.219249465659846   1.000480067729950
   0.219742262006449   1.000196147663324
   0.220247480357473   1.000447585737264
   0.220754573464407   1.000508709086312
   0.221250298355391   1.000426865112015
   0.221753890530282   1.000341514746348
   0.222252830826254   1.000427279377928
   0.222750777964972   1.000355545671717
   0.223251430951224   1.000447067048188
   0.223754494164429   1.000481459184385
   0.224253665369738   1.000459715843201
   0.224748054185115   1.000393675837090
   0.225249107602025   1.000619645502648
   0.225750131971100   1.000358710763976
   0.226251280795566   1.000390609464492
   0.226752786185127   1.000572571740348
   0.227254044112335   1.000388411238464
   0.227744508404709   1.000485682000919
   0.228252594680930   1.000488465503141
   0.228753346662793   1.000437734430575
   0.229246307689661   1.000456007353338
   0.229748526314082   1.000443965138515
   0.230245654244781   1.000426026808511
   0.230742505102816   1.000510077068314
   0.231253577893767   1.000612139469466
   0.231753413452827   1.000541045256188
   0.232248037559978   1.000527328597809
   0.232749507507540   1.000493524456213
   0.233244448966480   1.000403437893493
   0.233746013743606   1.000360048267077
   0.234254668915333   1.000370317957753
   0.234750497277998   1.000375738367438
   0.235253731000677   1.000520172703314
   0.235751958064142   1.000562033891678
   0.236252443291535   1.000429490364220
   0.236750928590678   1.000389325501872
   0.237253344240378   1.000586935587479
   0.237754679524683   1.000469776318514
   0.238250231572469   1.000628879557737
   0.238751633081681   1.000634341310747
   0.239249414979973   1.000377381811951
   0.239754456971866   1.000443030295409
   0.240253035051069   1.000547512831441
   0.240753054615047   1.000396788596155
   0.241247145463284   1.000494286722067
   0.241753730619717   1.000335995528035
   0.242252172933968   1.000301795311211
   0.242745850258438   1.000582538500871
   0.243252074536453   1.000536767718861
   0.243748083380797   1.000372662831144
   0.244242715302423   1.000483743658344
   0.244754840489495   1.000576141762407
   0.245254461093021   1.000284199040345
   0.245748626307035   1.000469371203392
   0.246250398305122   1.000741242074311
   0.246744022308431   1.000327851091112
   0.247246610524150   1.000449507929093
   0.247754244114133   1.000596999016005
   0.248248305416554   1.000408013818763
   0.248751476779959   1.000532000361081
   0.249250006624569   1.000515889839308
   0.249751380135359   1.000267441766671
   0.250250467540548   1.000540316456193
   0.250753756480459   1.000533144072731
   0.251254972740588   1.000355998439902
   0.251750594676201   1.000433473273961
   0.252251623847882   1.000680745232339
   0.252749151420146   1.000281877845407
   0.253252176129177   1.000328774323205
   0.253751520378072   1.000281882664514
   0.254252813473303   1.000533713707848
   0.254745903190788   1.000413213911977
   0.255252257104545   1.000485539322591
   0.255752220142705   1.000399000290212
   0.256246273677075   1.000632686206544
   0.256750828787365   1.000478927053351
   0.257245934053820   1.000498529577157
   0.257742992744285   1.000446963470101
   0.258253965876916   1.000515418343085
   0.258753433160669   1.000487411553078
   0.259248209743589   1.000600773708622
   0.259752013554226   1.000573275948134
   0.260245292088594   1.000453583151102
   0.260744992504494   1.000672256317965
   0.261252915275572   1.000553355626533
   0.261748781356315   1.000528071457007
   0.262250972451055   1.000577484250069
   0.262749078649902   1.000393765091896
   0.263250483984895   1.000263138802466
   0.263753060777609   1.000518523200384
   0.264253481320679   1.000536599029717
   0.264754044572795   1.000363230001269
   0.265251366495269   1.000552877479670
   0.265748701806611   1.000659351977776
   0.266250671174138   1.000284473101298
   0.266754194353731   1.000563906431198
   0.267255744096900   1.000452722336782
   0.267755169861281   1.000569580193751
   0.268246167830784   1.000473140079138
   0.268751908319463   1.000413769033720
   0.269251640679272   1.000448269765725
   0.269745785568774   1.000620062669743
   0.270252478725134   1.000456427813037
   0.270748550174115   1.000336529412231
   0.271243928673232   1.000514348077403
   0.271753906803997   1.000468314867320
   0.272251654496867   1.000361079832472
   0.272748294586094   1.000476523611702
   0.273252130221875   1.000489708945507
   0.273746128353748   1.000361367936962
   0.274244528851554   1.000389554590549
   0.274750500747512   1.000694407707805
   0.275249041561641   1.000427960996100
   0.275748696741680   1.000495136375465
   0.276248686572018   1.000580211719835
   0.276750927721417   1.000447760907386
   0.277251183056904   1.000538874798872
   0.277750050393018   1.000362755790833
   0.278253404212678   1.000425158090113
   0.278749501345581   1.000557309169261
   0.279251126239770   1.000551364513544
   0.279756892902126   1.000266056126497
   0.280257701399336   1.000594585052421
   0.280754798327566   1.000374857350892
   0.281253173355148   1.000422847318841
   0.281742393842306   1.000495172426349
   0.282250323387605   1.000579632340737
   0.282750446948048   1.000395774964205
   0.283243839578984   1.000584643692773
   0.283751365548763   1.000431770555346
   0.284248231264606   1.000403811493196
   0.284744752579584   1.000314361774004
   0.285251799480313   1.000526146156581
   0.285750160440199   1.000321655221298
   0.286248044156243   1.000598349707871
   0.286750090199731   1.000434389436315
   0.287243896531303   1.000224615670433
   0.287742318947394   1.000292704181564
   0.288252849101373   1.000385397023732
   0.288749500293784   1.000211431928303
   0.289252028946433   1.000508928889095
   0.289749585871149   1.000442743062016
   0.290250340231025   1.000247814817336
   0.290752066596298   1.000460197449673
   0.291249811795455   1.000280099952530
   0.291753095122192   1.000444797441071
   0.292246596988663   1.000289407499939
   0.292751586908150   1.000388266120831
   0.293256816662592   1.000174751319733
   0.293754823416687   1.000538695358231
   0.294253443757417   1.000398912383061
   0.294751777954719   1.000436618089676
   0.295242983733176   1.000439107659375
   0.295751579805365   1.000430500036792
   0.296252634174374   1.000266813836976
   0.296748183121728   1.000382544465566
   0.297253714387203   1.000205608077550
   0.297750164528877   1.000306564693650
   0.298244310314473   1.000447165485536
   0.298752699973697   1.000458457231522
   0.299248949204615   1.000282312562327
   0.299746171825352   1.000534991423289
   0.300247516674319   1.000282997905972
   0.300743807025573   1.000248586451692
   0.301242701523780   1.000435829728107
   0.301754359650479   1.000306485898452
   0.302250043202447   1.000327016134186
   0.302750720088459   1.000359904978115
   0.303249498925361   1.000449538349630
   0.303752687599166   1.000122670178275
   0.304252634106553   1.000395155072212
   0.304749585751996   1.000210105667453
   0.305254703372618   1.000335712377199
   0.305747613796355   1.000267010657385
   0.306252391336930   1.000373602584424
   0.306757060491709   1.000107099652290
   0.307255950784831   1.000399477362633
   0.307753858836224   1.000109068961011
   0.308250022255485   1.000344593798922
   0.308744518854526   1.000256035837435
   0.309251424802048   1.000368317381421
   0.309752891411384   1.000138681573966
   0.310248433907316   1.000441305020440
   0.310753547430622   1.000256531897222
   0.311248711560975   1.000186184836813
   0.311744987983394   1.000357578654856
   0.312250536471256   1.000352793967511
   0.312748095302837   1.000201899118311
   0.313247520644895   1.000225308389947
   0.313747923593588   1.000323056116612
   0.314245024578540   1.000132998921038
   0.314742197717489   1.000298807122199
   0.315250814231570   1.000180288496245
   0.315748172617340   1.000329376213134
   0.316247797945780   1.000197757246910
   0.316749197945970   1.000331149423573
   0.317253570776771   0.999972479700578
   0.317754478435767   1.000110646963120
   0.318247782628468   1.000288827129569
   0.318752612220293   1.000192248589784
   0.319246173359789   1.000211622596772
   0.319751275775872   1.000213652240987
   0.320259832253035   1.000009927658304
   0.320754843257419   1.000298002332744
   0.321254266840084   1.000075947625835
   0.321749760161550   1.000151819266544
   0.322240667769426   1.000165445069152
   0.322750587248362   1.000217551421938
   0.323251720735329   0.999923016044719
   0.323749005840118   1.000234114230267
   0.324251774031999   1.000111604905596
   0.324747445177414   1.000092171592477
   0.325246161071303   1.000183007383712
   0.325748337123422   1.000059882164001
   0.326246854813665   0.999964119177165
   0.326747311536727   1.000086714824041
   0.327248616178653   1.000185783470378
   0.327745099825579   1.000159814831663
   0.328241990217893   1.000130302873880
   0.328753488852392   1.000115186682803
   0.329249526350053   1.000035434191080
   0.329745539146341   1.000106852125413
   0.330248259593919   1.000273108954477
   0.330752693590024   0.999830478024714
   0.331252375611768   1.000117149804869
   0.331745892981398   1.000201525088556
   0.332249052697621   0.999877906168453
   0.332744735969980   0.999977353450174
   0.333249268415852   1.000112880783010
   0.333758697446133   0.999966813930426
   0.334253430303074   1.000082085529963
   0.334754415684303   0.999915654530267
   0.335250411891559   1.000017883075822
   0.335741198464034   0.999975938184059
   0.336249073956865   0.999951582401991
   0.336753385680032   0.999918260313721
   0.337251305571415   1.000140020616441
   0.337753055232031   0.999849924763429
   0.338249668327089   1.000030408506511
   0.338747770294687   1.000080091300957
   0.339249194692162   1.000019529807835
   0.339746174276824   0.999907213754541
   0.340247592037450   1.000007172663531
   0.340746430248194   0.999940749684813
   0.341246944304710   0.999947443784001
   0.341743718175681   1.000165793282247
   0.342252885891835   0.999963127667942
   0.342747524316286   0.999760728095173
   0.343247383952454   0.999910048059389
   0.343748847646696   1.000076933804736
   0.344250787580192   0.999797711963765
   0.344752098887060   1.000020216148062
   0.345247762414608   0.999906114832370
   0.345750173873859   0.999890362984926
   0.346241751253258   0.999929501188734
   0.346746824778538   1.000042968127338
   0.347257453256672   0.999862648214888
   0.347753220349183   0.999948315234052
   0.348253181526350   0.999903160884198
   0.348750048655609   0.999759305684126
   0.349240324763633   1.000087786032014
   0.349745382759945   0.999923773720151
   0.350252408404086   0.999795822967445
   0.350751464565264   0.999958431484676
   0.351252671039292   0.999885044346644
   0.351749614289398   0.999774813895820
   0.352249724073404   0.999871870224503
   0.352749569816099   0.999920259303814
   0.353247805310120   0.999798029134222
   0.353747850927962   0.999827805393470
   0.354246911584694   0.999850509218041
   0.354749467939921   0.999794409990311
   0.355243904020046   0.999956379451004
   0.355749804190043   0.999978368052978
   0.356247061026387   0.999767408630636
   0.356748043011178   0.999756496577036
   0.357249283075031   0.999887325492988
   0.357753162215861   0.999736351179845
   0.358255091078202   0.999811870089409
   0.358748765919592   0.999823328389590
   0.359251992640972   0.999817633232259
   0.359742109326486   0.999689045554661
   0.360248180156224   0.999886138461254
   0.360758208314997   0.999604933039412
   0.361252795092536   0.999660458335239
   0.361752898943683   0.999785015841046
   0.362251626064107   0.999924659846567
   0.362744260991361   0.999692539824653
   0.363246626044396   0.999717216414644
   0.363752867209216   0.999549587527831
   0.364250880221674   0.999817538829077
   0.364750760299971   0.999623754985719
   0.365249594561972   0.999822704460479
   0.365747754676907   0.999739584229872
   0.366251399154858   0.999757274384460
   0.366748029091775   0.999739628307388
   0.367248571963215   0.999714821635854
   0.367745836894614   0.999919995872922
   0.368249208976089   0.999630821577393
   0.368747719729383   0.999662239000617
   0.369248991765465   0.999777526132704
   0.369749227113869   0.999744350896190
   0.370247498326536   0.999638493960576
   0.370745877478222   0.999595283753801
   0.371253766663391   0.999693620690080
   0.371752480567848   0.999763878235906
   0.372247483646299   0.999516755938530
   0.372749167107049   0.999660553523207
   0.373241250123393   0.999660719547075
   0.373748692027342   0.999776780382911
   0.374255617845174   0.999492081563647
   0.374752296858893   0.999551142682321
   0.375251472916105   0.999769650852149
   0.375750901624212   0.999905910548263
   0.376241549516963   0.999515911716907
   0.376745620611484   0.999561301558022
   0.377255115713598   0.999664088530887
   0.377752021103516   0.999616882942691
   0.378252970561579   0.999533654670038
   0.378752068267398   0.999700536082188
   0.379247385556199   0.999464996487989
   0.379750571470253   0.999721530450875
   0.380248015905262   0.999540491269367
   0.380749985188154   0.999481769003106
   0.381246719569838   0.999532437587838
   0.381752082467015   0.999489460439365
   0.382248941815641   0.999541317054886
   0.382749209733889   0.999663248688042
   0.383251678005832   0.999524050327918
   0.383750407914531   0.999262298004968
   0.384243936282954   0.999547856060539
   0.384749933785550   0.999587627806405
   0.385252094682479   0.999316699314313
   0.385750573705944   0.999491942654893
   0.386249562613786   0.999589541170857
   0.386744411701703   0.999191466085149
   0.387251674342647   0.999420834974321
   0.387756365065501   0.999459289652961
   0.388252286008294   0.999438921806841
   0.388751509010999   0.999487403681989
   0.389249042791640   0.999544052337616
   0.389744035261570   0.999297021362786
   0.390250619639948   0.999272367128959
   0.390756335505906   0.999559532512318
   0.391251130896015   0.999311097996979
   0.391754500049788   0.999427368047209
   0.392249659813702   0.999543263804496
   0.392748763527840   0.999367319472389
   0.393251529444704   0.999454311829235
   0.393748074512019   0.999438051810997
   0.394250478891111   0.999370867997467
   0.394745292528839   0.999386281736435
   0.395252657749242   0.999290330451913
   0.395751137684590   0.999381482960230
   0.396246920808167   0.999385620579861
   0.396748480425017   0.999334465277077
   0.397248868730335   0.999249004280036
   0.397745035481728   0.999476208573296
   0.398250383412341   0.999392390824281
   0.398754900148499   0.999260809700020
   0.399252704070552   0.999397313240731
   0.399750203553591   0.999393307762184
   0.400244596089205   0.999135360213521
   0.400754266420090   0.999223411641317
   0.401259013440225   0.999403780467184
   0.401754012591078   0.999238362091298
   0.402251482316004   0.999259817965177
   0.402749531423672   0.999481480107560
   0.403243829556812   0.999183685497937
   0.403748053927282   0.999277613390281
   0.404257644048159   0.999299871424834
   0.404753850341587   0.999306138893719
   0.405251498181750   0.999178033471107
   0.405750889990639   0.999352816058083
   0.406249812662992   0.999235528423673
   0.406752628849355   0.999173499173399
   0.407251596530290   0.999382079346105
   0.407753651353654   0.999328316903914
   0.408244819927146   0.999086761787053
   0.408752169845975   0.999300263793312
   0.409251067627323   0.999296273452690
   0.409746677812867   0.999376620411873
   0.410248179438955   0.999251230463709
   0.410747129449458   0.999136816371571
   0.411243137801118   0.999325987737795
   0.411750337768366   0.999269960709131
   0.412254579707432   0.999152765462273
   0.412750416013662   0.999343587345336
   0.413248244785341   0.999389512501215
   0.413745042077762   0.999105995967368
   0.414251875514195   0.999224365200695
   0.414758611849587   0.999361433622052
   0.415251741744629   0.999173320503349
   0.415752025458836   0.999239354546161
   0.416249358314585   0.999282171814876
   0.416746524961589   0.999137954046673
   0.417250418120803   0.999153390900018
   0.417755401205046   0.999087439363740
   0.418253092925566   0.999213182263904
   0.418752923585752   0.999121054526298
   0.419251085647164   0.999267305834705
   0.419749939614556   0.999133330389085
   0.420251811547415   0.999167063685714
   0.420748365111817   0.999104752404751
   0.421253619244566   0.999172387637344
   0.421746757940373   0.999239670290492
   0.422250739323364   0.999025069234907
   0.422749818234064   0.999184579078597
   0.423246988784394   0.999092425973642
   0.423750453316750   0.999004123378873
   0.424246922569837   0.999034270342545
   0.424740653172466   0.999271151197859
   0.425250006898963   0.999107356025622
   0.425752899426629   0.998972533555235
   0.426248744924859   0.999349135801612
   0.426750054118512   0.999176098696141
   0.427245983324021   0.998878008139656
   0.427749977918000   0.999220383322372
   0.428258532440469   0.999081785541503
   0.428753260944778   0.999032828620836
   0.429254370084391   0.999197388354969
   0.429751339841938   0.999186872011162
   0.430248447929380   0.999046771219319
   0.430750964260342   0.999098738771863
   0.431253736538888   0.999065054854157
   0.431755031560783   0.998902075403319
   0.432252716308245   0.999089027980680
   0.432752040568738   0.999250142767114
   0.433252224759953   0.998761472158676
   0.433751329907138   0.999153066820245
   0.434252038483630   0.999278609175235
   0.434754399259210   0.998944358830386
   0.435244046679845   0.998980823251390
   0.435750897905762   0.999148449483719
   0.436248540682054   0.998968766406480
   0.436747483542566   0.999141792534377
   0.437250728707856   0.999198479548333
   0.437746592362120   0.998826103277475
   0.438242120958575   0.999080981477164
   0.438749698036412   0.999082072766928
   0.439253326006135   0.998922621310964
   0.439746371838391   0.999058689356320
   0.440250512501660   0.998984301415568
   0.440745885462177   0.998846249420102
   0.441248101095131   0.999220839568547
   0.441757900692385   0.999059642162440
   0.442252383453827   0.998973491900933
   0.442752985772863   0.999050660943890
   0.443250660385486   0.998945922789697
   0.443747221218563   0.998809179549726
   0.444250360977691   0.999109779746787
   0.444753932701700   0.999124156366480
   0.445254404204118   0.999001988710142
   0.445752537542907   0.999014209650579
   0.446251324526744   0.999097768497090
   0.446750559426330   0.998889755874814
   0.447251386792798   0.999016601195038
   0.447754052583793   0.998918157758065
   0.448255086880513   0.998935141400966
   0.448744444864308   0.998979879830911
   0.449253352051023   0.999010619183648
   0.449751145801975   0.998923818270365
   0.450248637687680   0.999292760674316
   0.450751292949695   0.999025876823027
   0.451248269043662   0.999028884877964
   0.451740845225961   0.998931683395423
   0.452248051217162   0.999020129786088
   0.452753478177743   0.999113679173994
   0.453246625266863   0.999116713403489
   0.453749681781762   0.999095304551413
   0.454246281879507   0.998984572528296
   0.454747762250825   0.999043644032675
   0.455256041901485   0.999097267586377
   0.455751118479647   0.998933262628329
   0.456252041727617   0.999130581292670
   0.456749376278707   0.999139591551862
   0.457245380408683   0.998863969953586
   0.457748855769294   0.998967366875149
   0.458249375673289   0.999009149839204
   0.458752180426673   0.998892707618203
   0.459251588299010   0.998943382329902
   0.459752910410814   0.999133935350388
   0.460251059901881   0.998986160755157
   0.460753889854245   0.999039809828553
   0.461256046934515   0.998794781901534
   0.461754179914194   0.999045068025589
   0.462242181560904   0.999093682614195
   0.462754806473439   0.998896491907775
   0.463254464738498   0.998922572480685
   0.463747755057340   0.999197683583094
   0.464250732325831   0.998929335366166
   0.464747958295106   0.998868028202442
   0.465242247375397   0.999049976350754
   0.465749663703194   0.998859465238411
   0.466251353749043   0.998782657641520
   0.466747773547521   0.999181646504439
   0.467249771811073   0.999027815000418
   0.467743539321046   0.998767983333757
   0.468246185160155   0.998958519888894
   0.468755508658108   0.998836339485307
   0.469250481817851   0.998897931218147
   0.469752328236583   0.999011700006413
   0.470249420003779   0.999076373047299
   0.470745398191782   0.998880720138550
   0.471248640144903   0.998825909580838
   0.471750009184310   0.999023388358498
   0.472250839831313   0.998937354251450
   0.472751642392042   0.998959410531877
   0.473253736122245   0.999271159186055
   0.473753878577297   0.998750125290826
   0.474257501228195   0.999063102154413
   0.474755333087307   0.998759944677353
   0.475251206999317   0.998858484001499
   0.475742870206116   0.998878042878305
   0.476255944924381   0.998956047857641
   0.476756315642779   0.998825412158411
   0.477248314755652   0.999003381757011
   0.477752947098294   0.998878834850760
   0.478249567952638   0.998874648338934
   0.478742694728150   0.998956585324692
   0.479248096011408   0.998945977744155
   0.479750590427756   0.998793577404329
   0.480245748147005   0.998986831650167
   0.480749560887410   0.998804774692678
   0.481246815195585   0.998710893173298
   0.481745103610947   0.998891378228909
   0.482253977731851   0.998873186877454
   0.482749629503438   0.998906919342315
   0.483251827788845   0.998925034126433
   0.483748275045791   0.999038506659295
   0.484247623519801   0.998795415319148
   0.484752015823975   0.998920347526962
   0.485251265807079   0.998827347573140
   0.485750012739843   0.998617351171334
   0.486250297670631   0.998271811495022
   0.486753256961977   0.997597347355257
   0.487254712412458   0.996564905699125
   0.487756299505545   0.996066326743986
   0.488252429167034   0.995545531667414
   0.488751361513380   0.995391499949619
   0.489245260723653   0.995527283644971
   0.489755691093310   0.995382861821157
   0.490254991128667   0.995361590799866
   0.490747668694604   0.995182128273882
   0.491255522347147   0.995148999132509
   0.491750442866799   0.995274905577179
   0.492243384196007   0.995236497393922
   0.492748672793008   0.995236791298537
   0.493247583556096   0.995048048283890
   0.493744833969029   0.995394777521314
   0.494248922178868   0.995259182230508
   0.494746786813468   0.994905184535211
   0.495243341589997   0.995245573556446
   0.495749506234900   0.995237680843898
   0.496246983937275   0.995108479781756
   0.496752779929680   0.995177639076909
   0.497248498494799   0.995439721278876
   0.497749744319229   0.994970927088279
   0.498254236216384   0.995167296865712
   0.498751354074488   0.995224835399635
   0.499249445216375   0.995142237430916
   0.499748520061405   0.995269881993593
   0.500250433120270   0.995328316873717
   0.500752381716869   0.995158557547256
   0.501257435732635   0.995359473771626
   0.501755347551111   0.994973431804223
   0.502250998021868   0.995106987228995
   0.502742640483980   0.995323204748409
   0.503252565538075   0.995160856780789
   0.503757021123031   0.995104447128327
   0.504250982925799   0.995364436791057
   0.504755068987549   0.995310235404207
   0.505250416719811   0.995071538944834
   0.505743747551216   0.995406281081942
   0.506248739776403   0.995312085277156
   0.506745960562960   0.995053839731408
   0.507244755337447   0.995450292147842
   0.507747184757879   0.995463197860192
   0.508247589018302   0.995286586024726
   0.508742611943622   0.995598135916692
   0.509249811358616   0.995587231042629
   0.509748301979829   0.995677262185568
   0.510249295425633   0.996245384805287
   0.510747128455525   0.997218881994782
   0.511248052393132   0.997706329024683
   0.511752310980330   0.998523786044357
   0.512247694392835   0.998916659571908
   0.512748108892109   0.999068913627744
   0.513247766223428   0.998843350272248
   0.513749303283811   0.999205672808926
   0.514253768504207   0.998969944966097
   0.514759076362201   0.999246834631426
   0.515255787289218   0.999167524157993
   0.515749973715973   0.999032692122365
   0.516241706457758   0.999337122303260
   0.516751585345941   0.999110341524490
   0.517256675480367   0.999000164781987
   0.517751151846002   0.999341716506694
   0.518256975576986   0.998930973030867
   0.518752605529212   0.999159055497261
   0.519244962827077   0.999285507961590
   0.519748702820909   0.999001328882418
   0.520248034749954   0.999062001705170
   0.520746368406102   0.999107629294489
   0.521247478423939   0.999195065592775
   0.521746486846038   0.998937363931890
   0.522244037075563   0.999171737362357
   0.522750438327511   0.999145872920633
   0.523248414124188   0.999197005982797
   0.523748362663381   0.999002183427905
   0.524244662362303   0.999232418230265
   0.524750865975960   0.998963410480350
   0.525254049304788   0.999267624216041
   0.525748745406305   0.999177090692427
   0.526250191488833   0.999150219495516
   0.526744123060194   0.999148824145251
   0.527250070108008   0.999253753678334
   0.527753672104068   0.999101159930229
   0.528256006068674   0.999309012143299
   0.528755255997078   0.999207906961441
   0.529250250466365   0.999064874321164
   0.529741755804801   0.999163433384945
   0.530249865004746   0.999237539741279
   0.530757260914568   0.999034928939035
   0.531251027902764   0.999359550565599
   0.531755738856585   0.999153555631638
   0.532252965869655   0.999174958626592
   0.532747034204964   0.999204988347413
   0.533250739518581   0.999253822657151
   0.533746171440484   0.999206048130989
   0.534244324770224   0.999437679195036
   0.534746592806379   0.999294186493315
   0.535245186498411   0.998983326523574
   0.535744213370528   0.999313855306926
   0.536249597798207   0.999324083089828
   0.536748094190857   0.999270708033811
   0.537248418821898   0.999283424260819
   0.537745844084640   0.999358317126399
   0.538251732851691   0.999073072336614
   0.538752492645461   0.999503076318803
   0.539248810986556   0.999226617228751
   0.539750536560143   0.999202342906801
   0.540243546724391   0.999344902931397
   0.540748350918442   0.999503689903703
   0.541254660601888   0.998975905548617
   0.541753310743748   0.999508379459381
   0.542253248953293   0.999208838343620
   0.542749202874236   0.999166124173910
   0.543241390010181   0.999272873644521
   0.543748466873657   0.999432463341087
   0.544254782765182   0.999282565461584
   0.544751009156502   0.999367439414401
   0.545254387028423   0.999379511878424
   0.545753548043012   0.999182921415482
   0.546245691287267   0.999245400807654
   0.546750128846866   0.999277100744975
   0.547250930989590   0.999354906154401
   0.547744727113704   0.999414236767019
   0.548245315841536   0.999336024558190
   0.548746512842257   0.999178279130185
   0.549243730720305   0.999466982038542
   0.549751102729130   0.999358265809339
   0.550248264933267   0.999369496287722
   0.550748704798412   0.999425923185689
   0.551246570402896   0.999468611685310
   0.551753878235506   0.999449268984700
   0.552253598558359   0.999661654960818
   0.552749653935167   0.999503753618328
   0.553251368636740   0.999504142586548
   0.553745537940032   0.999454047303451
   0.554250884630270   0.999695502656552
   0.554753566662159   0.999438696289643
   0.555250431129389   0.999434261790171
   0.555750905900915   0.999498795777086
   0.556251111522113   0.999551355604573
   0.556741782436513   0.999508214098127
   0.557246505456403   0.999484170525699
   0.557753458259423   0.999335858985963
   0.558249361605540   0.999546387238417
   0.558755373846507   0.999537957725675
   0.559253410722823   0.999428611356045
   0.559746213161169   0.999420024006112
   0.560251636144609   0.999504275848529
   0.560748581041289   0.999469652561226
   0.561245945353818   0.999577167577500
   0.561745443546232   0.999498259305954
   0.562247694348948   0.999613693834823
   0.562744379400781   0.999596076906869
   0.563249490055636   0.999554729557613
   0.563749943044775   0.999673627212852
   0.564248981097954   0.999519303948702
   0.564746431826554   0.999639284563723
   0.565254685648217   0.999465983846913
   0.565752140144961   0.999777310329383
   0.566249104772054   0.999698362374070
   0.566752256764143   0.999686209282072
   0.567246794500858   0.999527917343116
   0.567751086744699   0.999799095316609
   0.568255799877946   0.999569799201410
   0.568755272569633   0.999715992909468
   0.569251392087094   0.999612214223992
   0.569751698114095   0.999770450061710
   0.570243593452381   0.999472368115614
   0.570747067080008   0.999665046591319
   0.571253374035825   0.999639518256110
   0.571747447137991   0.999683040190503
   0.572254220538636   0.999662432945509
   0.572751825321289   0.999675721662943
   0.573246868942022   0.999653936120180
   0.573752739249444   0.999634671162386
   0.574249978703547   0.999576878926111
   0.574746565833893   0.999688779957154
   0.575244929284150   0.999727493524551
   0.575748721072421   0.999644625451296
   0.576246575541934   0.999880458246409
   0.576745549278573   0.999848699044130
   0.577247653775663   0.999737069129944
   0.577748676041730   0.999724416047569
   0.578245570732505   0.999797407927128
   0.578753231781407   0.999688572288731
   0.579252238029753   0.999795273128821
   0.579746981626464   0.999830111339398
   0.580249894583324   0.999897961559974
   0.580746334194608   0.999664216180353
   0.581250568965288   0.999846453867226
   0.581752376708079   0.999913070017729
   0.582253167060691   0.999796732407820
   0.582751852157715   0.999833356875640
   0.583248466031434   0.999971732094481
   0.583743819803435   0.999771292720522
   0.584246895731463   0.999901755330263
   0.584755190516083   0.999842496401814
   0.585249367226570   0.999881591183124
   0.585754479183234   0.999973568361749
   0.586252013880869   1.000085965856819
   0.586749856920547   1.000026278437198
   0.587256373339437   1.000055978006246
   0.587750292990991   1.000123593882610
   0.588249599181232   0.999929164505192
   0.588747071603632   1.000051175051855
   0.589249612148541   0.999865168510097
   0.589747472256290   0.999931681109683
   0.590248235000536   1.000005205392837
   0.590749474083134   1.000159059387754
   0.591248404255387   0.999889590952656
   0.591742001197285   1.000107225556497
   0.592251975021266   0.999958976960775
   0.592752635069378   0.999900192947862
   0.593247426261592   1.000002712879366
   0.593749164024436   0.999934406827393
   0.594243762711890   0.999813449971470
   0.594752170110073   0.999964121763693
   0.595258177660496   1.000132575270630
   0.595754127136605   1.000053846575394
   0.596249882449336   1.000085160437866
   0.596745551027183   1.000129149608242
   0.597243530624875   1.000125123667963
   0.597748461784555   1.000153690016359
   0.598257341839957   1.000173540655262
   0.598751143900849   1.000059875057896
   0.599252465765198   1.000113313699284
   0.599751184251809   1.000308085020965
   0.600249555553311   1.000032127825849
   0.600753927178215   1.000273852328944
   0.601253085100890   1.000101468169573
   0.601755377093166   1.000211533012353
   0.602249472501251   1.000182710983315
   0.602751605947385   0.999981479499284
   0.603247927572662   1.000207025741449
   0.603748659274996   1.000069903648966
   0.604249988126766   1.000208699936960
   0.604752204261936   1.000179484967262
   0.605239294102142   1.000065520345925
   0.605753371193935   1.000391727946063
   0.606253666698083   1.000215938533704
   0.606747654247726   1.000236881473689
   0.607251154363227   1.000418358934140
   0.607741885578262   1.000106511537921
   0.608250308601397   1.000386835689898
   0.608757877446047   1.000499818884597
   0.609254133069254   1.000230854808694
   0.609751549239078   1.000210493863475
   0.610244270233344   1.000499651213603
   0.610740205802302   1.000241828135780
   0.611245110642207   1.000128303207247
   0.611754856833444   1.000346068969506
   0.612254932375420   1.000345543319104
   0.612754656216840   1.000434695712982
   0.613252080412571   1.000384103298187
   0.613747788031919   1.000366711293706
   0.614254492939002   1.000453196105457
   0.614755836118177   1.000281971611389
   0.615256892643514   1.000258778172696
   0.615749746718617   1.000469899990342
   0.616252426319468   1.000446866806379
   0.616750789323171   1.000417995098794
   0.617248277210915   1.000544630198840
   0.617750734640046   1.000503594833096
   0.618250769414003   1.000403806386206
   0.618741474622685   1.000530021935112
   0.619252650445052   1.000645984541162
   0.619754853922375   1.000385747214810
   0.620247561122164   1.000643898288176
   0.620750877461001   1.000620713153208
   0.621243090925719   1.000450210452574
   0.621748483050574   1.000588342077436
   0.622256732904315   1.000565255732255
   0.622753569877988   1.000421754018528
   0.623255532355905   1.000555096968676
   0.623745727219812   1.000506595303031
   0.624243876338918   1.000392837548743
   0.624745116776428   1.000617390974012
   0.625252441581556   1.000460205320826
   0.625752735730703   1.000586561652512
   0.626251564438399   1.000642166171275
   0.626752889324950   1.000705381509344
   0.627250083081585   1.000435527776466
   0.627752267115373   1.000718121215550
   0.628255086116443   1.000625436745801
   0.628757716001128   1.000593048334122
   0.629249941337263   1.000546766693393
   0.629753608008484   1.000658784692104
   0.630251691696918   1.000662940740585
   0.630746941053645   1.000548461002266
   0.631250006411774   1.000696081858055
   0.631751287433272   1.000723756551743
   0.632239787695014   1.000583849049578
   0.632750298949198   1.000728840941475
   0.633254442190181   1.000817244038260
   0.633746526824810   1.000878348359912
   0.634250259140040   1.000788352513077
   0.634745932162683   1.000591424367240
   0.635249553516895   1.000738337194478
   0.635758361567813   1.000881822191771
   0.636253811994275   1.000671896748914
   0.636752563090897   1.000696421500696
   0.637249695782046   1.000879452162581
   0.637745635390105   1.000554299058993
   0.638246157663277   1.000799576253657
   0.638752958877207   1.000776832047187
   0.639250875856274   1.000737510354395
   0.639750741835578   1.000788418412208
   0.640252579361218   1.000908043329213
   0.640752637950402   1.000743741349591
   0.641252659216274   1.000672851272715
   0.641753302597597   1.000844605065681
   0.642256785939293   1.000823120236868
   0.642748635361589   1.001053600887622
   0.643253275315611   1.000834326597642
   0.643750951471323   1.000809614401889
   0.644245875901311   1.000945483774726
   0.644748167522390   1.000802576659002
   0.645245707935192   1.001023220755751
   0.645740286201799   1.001021202579438
   0.646249947132353   1.001012607979912
   0.646753085862099   1.000783147951288
   0.647244275165229   1.001060656239005
   0.647750812751633   1.000965071956870
   0.648244257112095   1.000924150438170
   0.648747990513512   1.000954780803370
   0.649258329729690   1.001020789754634
   0.649753059520320   1.000796331260019
   0.650255847903725   1.001047731741615
   0.650749850057767   1.001148836103504
   0.651245443734749   1.000859248319935
   0.651745256179083   1.001045700348200
   0.652250927686006   1.001105637431145
   0.652751878148480   1.000917466481527
   0.653249123877275   1.001101392724736
   0.653750353646497   1.001173530289537
   0.654250630796962   1.001094838656277
   0.654753465453004   1.001118168324411
   0.655253533110320   1.001173063181341
   0.655756726852799   1.001121008959342
   0.656247248689812   1.001108131917120
   0.656754349699902   1.001058080991109
   0.657253194523828   1.001000515996448
   0.657749752155902   1.001086907050245
   0.658250186109910   1.001063608500852
   0.658747808386818   1.001016807051436
   0.659237823672228   1.001189839243889
   0.659746311399155   1.001174724445893
   0.660252959296731   1.000917011644782
   0.660746899633350   1.001376673461884
   0.661251277885663   1.001265578208462
   0.661743443724632   1.001072432277566
   0.662247086710355   1.001106162317111
   0.662756384092358   1.001249491682849
   0.663251107218258   1.001045598808038
   0.663754945971240   1.001217802873061
   0.664252011248670   1.001230863524716
   0.664751195341049   1.000941013286491
   0.665251583763420   1.001206680840137
   0.665751758063334   1.001328769879850
   0.666251744415003   1.001136414885521
   0.666746708757031   1.001197222536790
   0.667251127521937   1.001417472385443
   0.667751730958305   1.001141779583918
   0.668253149743073   1.001192571510140
   0.668754313398729   1.001285993770177
   0.669253939305961   1.001361926977630
   0.669747486775360   1.001278794228785
   0.670253980449488   1.001294765018282
   0.670755151155236   1.001223285436630
   0.671251683095493   1.001456670566771
   0.671751686949221   1.001210549629357
   0.672249014967459   1.001375285744667
   0.672738794191371   1.001416954861219
   0.673246869657500   1.001348619785124
   0.673750541926726   1.001302380832649
   0.674243568836790   1.001467221469804
   0.674748949109426   1.001354110684180
   0.675244457926997   1.001393461980318
   0.675746328306724   1.001387676082427
   0.676254256934292   1.001446024064095
   0.676749069032886   1.001349051793416
   0.677253899584519   1.001462808426689
   0.677750051374422   1.001498581874916
   0.678250467468755   1.001343401930024
   0.678750614587792   1.001312377284884
   0.679250329636805   1.001551269766796
   0.679750034380778   1.001387824478224
   0.680246589824348   1.001566215520053
   0.680750425810449   1.001459168717843
   0.681253234497072   1.001326623389201
   0.681756652332358   1.001532575212808
   0.682255624095636   1.001397797107697
   0.682753878891575   1.001410880032376
   0.683247130795615   1.001480012142807
   0.683754248474635   1.001380905480503
   0.684256975783177   1.001317940562604
   0.684753226419298   1.001651068963852
   0.685253758287418   1.001387415524714
   0.685749959826017   1.001290262584955
   0.686239035142857   1.001456250148605
   0.686746283566514   1.001517236928532
   0.687250813157788   1.001056988633448
   0.687743237460175   1.001719877504412
   0.688249099317240   1.001606468336392
   0.688746686628091   1.001435768480102
   0.689244875314355   1.001437822828597
   0.689752628334140   1.001601708250317
   0.690246854417113   1.001559568682180
   0.690750905420527   1.001561034724959
   0.691247222875260   1.001712022552907
   0.691748699744953   1.001588957083802
   0.692251578926001   1.001518717867584
   0.692752431022344   1.001748441928817
   0.693250195584435   1.001603390792809
   0.693749245466674   1.001519263645665
   0.694249649147831   1.001581771198169
   0.694752514958670   1.001352636592661
   0.695256768892957   1.001886348892944
   0.695754701611062   1.001434377498097
   0.696249832432169   1.001534840136062
   0.696744545280381   1.001604109320968
   0.697258039720902   1.001664951358846
   0.697761105905165   1.001512343993407
   0.698253551823812   1.001778483510496
   0.698755587641032   1.001577581229963
   0.699252013398578   1.001427967252770
   0.699742525810160   1.001652782709580
   0.700248053268668   1.001707376468749
   0.700750397139530   1.001547524720673
   0.701244389764759   1.001754833243744
   0.701750972118718   1.001827901823413
   0.702249609195299   1.001519514818776
   0.702744599858336   1.001777612167699
   0.703250691621847   1.001805600259573
   0.703745976903221   1.001734236315373
   0.704249472706765   1.001735623030700
   0.704746061092204   1.001878637241652
   0.705248053434205   1.001583777813323
   0.705751783776224   1.001821517247206
   0.706250314854985   1.001758850382236
   0.706749686036939   1.001645228137141
   0.707247016424178   1.001719689099940
   0.707748631068235   1.002008648057586
   0.708252270121742   1.001559627640481
   0.708757038351630   1.001995604771834
   0.709254263945825   1.001762325476848
   0.709752175146821   1.001625079267165
   0.710246405701944   1.001831377442942
   0.710757359866753   1.001918625965547
   0.711258643417808   1.001626842805455
   0.711750574633093   1.001836550882064
   0.712254795702995   1.001838120375529
   0.712751659253258   1.001766042462711
   0.713243070539554   1.001830781773319
   0.713745998642351   1.001799351958386
   0.714249616282827   1.001857971261164
   0.714745316903696   1.001987814317752
   0.715249238991218   1.001636794203671
   0.715750124814255   1.001732819555211
   0.716243266745262   1.001850068569183
   0.716748391156155   1.001669170870867
   0.717245368197270   1.001757494367734
   0.717751137689849   1.001878327548736
   0.718246533807219   1.001951568083504
   0.718746192334870   1.001586298147837
   0.719251749374839   1.001926362632994
   0.719750384016071   1.001893447413303
   0.720250396155949   1.001582717020360
   0.720747337682160   1.001861385234589
   0.721245445249891   1.001973594707872
   0.721749564929948   1.001700781242192
   0.722254083297933   1.001898072419628
   0.722753961800859   1.001824528272806
   0.723253797074759   1.001841049340115
   0.723743915595167   1.002006489667833
   0.724253934658176   1.002048588542722
   0.724758446585604   1.001826121526606
   0.725251055622738   1.001978292645686
   0.725755537748300   1.001919803320778
   0.726251448298671   1.001807534374481
   0.726746265166036   1.001893816856130
   0.727249985652147   1.001870586221437
   0.727751124888237   1.001901686667444
   0.728245793212337   1.001978164982228
   0.728748857982836   1.001834173291863
   0.729247705564374   1.001984566018201
   0.729739965276703   1.001960028580257
   0.730245461738037   1.002074853929340
   0.730743258395393   1.001987938173787
   0.731248351577867   1.001966069296640
   0.731746034999450   1.001868258196994
   0.732250902446457   1.001792524625936
   0.732751402436762   1.002095990314217
   0.733249750581758   1.001950719096873
   0.733749381264073   1.001837203919769
   0.734247301105591   1.001990304007882
   0.734744998298832   1.002074355995932
   0.735249148174266   1.001777367662675
   0.735752681617809   1.002087669934103
   0.736253105275292   1.001903016135037
   0.736751096373908   1.001833956615598
   0.737244505421931   1.001983725012706
   0.737753117538365   1.001950074631469
   0.738257879326808   1.001792415764946
   0.738750395950684   1.001926640393009
   0.739256727140691   1.001738618826494
   0.739753152849663   1.001881043729468
   0.740245050779739   1.002084232329393
   0.740754960875872   1.001941007482366
   0.741253622208906   1.001754060477558
   0.741745129332818   1.001979529266320
   0.742248388189502   1.001964946587880
   0.742747331644344   1.002044616040495
   0.743241890878054   1.001972101415907
   0.743747119119675   1.002013851977265
   0.744245289825835   1.001881693463876
   0.744747286589985   1.001784627811581
   0.745245301741473   1.002020507755846
   0.745753621216870   1.001872315420769
   0.746253076165592   1.002044566954025
   0.746749195523038   1.002086116897568
   0.747251042986167   1.002015282810334
   0.747746502673602   1.001872987165803
   0.748248193980761   1.001987477219583
   0.748750644319842   1.001935591019930
   0.749252323042534   1.002003140777231
   0.749752525649375   1.002018679261208
   0.750251553489758   1.002139209064783
   0.750743696338023   1.002033428542285
   0.751252183651473   1.001938666203129
   0.751756936277828   1.002004668390824
   0.752252266404239   1.001989392945117
   0.752756558762378   1.001938146011834
   0.753250955473900   1.002102275770538
   0.753745896232286   1.001854004096059
   0.754254335335745   1.002029596805573
   0.754754122883062   1.001744513119024
   0.755246043274836   1.001898883942114
   0.755746866060601   1.001949105011040
   0.756247150552727   1.001812056716707
   0.756742429055665   1.002093552296606
   0.757247803782243   1.001850825099013
   0.757746571587360   1.002005140304565
   0.758245274319833   1.001996825197510
   0.758744575768785   1.001870963559208
   0.759252548697574   1.001886251841837
   0.759752274292860   1.002079101105933
   0.760248655946323   1.001730241644101
   0.760752849142038   1.002007742880827
   0.761246979384815   1.001811912716651
   0.761746739282507   1.002095768361721
   0.762250204694105   1.001677250862122
   0.762752166161508   1.002112436694271
   0.763250171341786   1.001975605587759
   0.763750936045496   1.002003131437952
   0.764243729992202   1.001774905484264
   0.764749530541312   1.001908934534256
   0.765255730887930   1.001910611164351
   0.765750340347434   1.001833190109133
   0.766255263899996   1.001796246047067
   0.766749092192042   1.001868487252453
   0.767248025381957   1.001835937416831
   0.767752587642694   1.001917599415292
   0.768249613393989   1.001868891313109
   0.768747262043458   1.001718358151496
   0.769246417301282   1.001737476822859
   0.769744972716364   1.001606792211533
   0.770242022828903   1.001929931131338
   0.770749029788472   1.001895563422784
   0.771247181045043   1.001863123886139
   0.771747858516427   1.001648036171408
   0.772244341070938   1.001860797168246
   0.772754052585255   1.001775925725351
   0.773252196907029   1.001613408205461
   0.773747836811987   1.001994486074392
   0.774252304086082   1.001883875942992
   0.774748350482547   1.001670069855415
   0.775250396098197   1.001782188681438
   0.775753899075471   1.001795026720787
   0.776254727555774   1.001735880115245
   0.776748325069919   1.001645551667069
   0.777246176133890   1.001668723828639
   0.777741811057882   1.001771986104072
   0.778246249513548   1.001756795925643
   0.778753975538623   1.001804424862437
   0.779248246921376   1.001706339581178
   0.779755171688535   1.001866924502547
   0.780253099947544   1.001764435643401
   0.780746719943886   1.001823636353947
   0.781253633856734   1.001803715104308
   0.781752165970702   1.001802344127480
   0.782248990540613   1.001781368775973
   0.782747649429157   1.001748730239254
   0.783246092317787   1.001776999042880
   0.783744291525327   1.001638884544373
   0.784248781272135   1.001786558847038
   0.784746662229679   1.001925620219176
   0.785248963379353   1.001614276575902
   0.785742749973132   1.001766137986544
   0.786255506791367   1.001775207551750
   0.786754009119460   1.001617009983849
   0.787247666436725   1.001899043680395
   0.787754217708050   1.001776894211769
   0.788247902295831   1.001620340372074
   0.788749949984747   1.001734866110306
   0.789253453364093   1.001792964770206
   0.789752912802491   1.001659874320030
   0.790249537675702   1.001577765831063
   0.790745995726100   1.001862981705926
   0.791242303994837   1.001542335356370
   0.791747467329813   1.001677123519862
   0.792253222031263   1.001719719280779
   0.792749436767328   1.001528320940164
   0.793255595779510   1.001797268290319
   0.793753006458256   1.001848910621064
   0.794246589665254   1.001591047242520
   0.794751603340866   1.001833023583088
   0.795253707749984   1.001759710483848
   0.795753321809964   1.001813190852951
   0.796248994084004   1.001546491594876
   0.796747015108469   1.001620156114752
   0.797244396502141   1.001949378836480
   0.797749136372278   1.001757091679564
   0.798251008573773   1.001760455059484
   0.798749203184242   1.001613138328727
   0.799242056345131   1.001745500087738
   0.799754552942892   1.001705733045188
   0.800254048900893   1.001545065702851
   0.800748244571101   1.001786856512421
   0.801252114937568   1.001739981526624
   0.801747192217237   1.001532854989541
   0.802252243539422   1.001783919760961
   0.802757442719255   1.001737405314590
   0.803256413829742   1.001566586737147
   0.803751489701595   1.001685092587748
   0.804246027766277   1.001703664338425
   0.804742106253034   1.001544413826501
   0.805247840288894   1.001698214651268
   0.805754411883533   1.001764591775759
   0.806251037703455   1.001515308737755
   0.806754113629430   1.001667366942639
   0.807253493325959   1.001644054184789
   0.807749379577584   1.001539745903391
   0.808252860821067   1.001776276812380
   0.808754312467150   1.001670262569154
   0.809255637938312   1.001465645166907
   0.809748224693302   1.001486187930010
   0.810253073232920   1.001593644548171
   0.810748599241513   1.001675341558079
   0.811247223422959   1.001579825676257
   0.811749828737219   1.001483265369657
   0.812248422575476   1.001621544479143
   0.812741067210671   1.001547705456914
   0.813252288370116   1.001563035122311
   0.813755264414840   1.001627800504120
   0.814245932605103   1.001720209297967
   0.814750761637171   1.001517825564848
   0.815245774670831   1.001533334567492
   0.815747262121158   1.001532538858632
   0.816255806654565   1.001509606238582
   0.816755743977598   1.001453538017579
   0.817250849288033   1.001643539775932
   0.817746519717791   1.001471974760704
   0.818240134497013   1.001378942483639
   0.818746112483001   1.001520752132713
   0.819256169440313   1.001583041563149
   0.819751552329739   1.001468376177538
   0.820255052367954   1.001424708409224
   0.820752159327917   1.001600756031452
   0.821249563912060   1.001473130559075
   0.821752798280973   1.001464611013811
   0.822252606820479   1.001603575933327
   0.822755578650519   1.001489390317299
   0.823248549029272   1.001523938006961
   0.823753166882028   1.001402980712957
   0.824250629879316   1.001388328433037
   0.824747926405200   1.001327192262998
   0.825252467632677   1.001492047238917
   0.825748802706222   1.001339142066074
   0.826240844129666   1.001316755830162
   0.826752052638154   1.001526577148401
   0.827253984700831   1.001363140208874
   0.827746484151276   1.001490832763968
   0.828252093587264   1.001342524668414
   0.828746592201305   1.001343659379266
   0.829247472821482   1.001371562704165
   0.829756997316789   1.001368776861444
   0.830256311205336   1.001199336187077
   0.830751491393361   1.001474103903530
   0.831247746146166   1.001375305442661
   0.831742027105331   1.001286956018928
   0.832245192310304   1.001232621838169
   0.832755393491731   1.001333723184068
   0.833252512403844   1.001431332355867
   0.833753512338692   1.001342639086708
   0.834251380893242   1.001389524124840
   0.834752615870598   1.001332103733969
   0.835255208211414   1.001482346150152
   0.835754516785996   1.001194700686199
   0.836258751604799   1.001223275212958
   0.836752246272723   1.001340710256517
   0.837254678890102   1.001360164786580
   0.837750527533389   1.001358824631860
   0.838248709865767   1.001283179179277
   0.838752542861708   1.001382942090253
   0.839248511727153   1.001161878835223
   0.839739031529754   1.001219235646604
   0.840251450857525   1.001298230750479
   0.840752901959723   1.001208288781726
   0.841245874984664   1.001173400340239
   0.841751156805433   1.001301662874694
   0.842246568195366   1.001096800458236
   0.842748127358039   1.001050033493859
   0.843256005462110   1.001241181525716
   0.843753196655446   1.001130217517646
   0.844251410076368   1.001108209724012
   0.844749117974090   1.001087163593255
   0.845242968998181   1.001176981995794
   0.845745575854066   1.001096645880012
   0.846252991379824   1.000990310100594
   0.846750245966616   1.001139766179307
   0.847251842990095   1.001162676988002
   0.847749997163859   1.001204721571863
   0.848251177276638   1.000942752537024
   0.848754747096056   1.001103346576234
   0.849255601277915   1.001156224054284
   0.849757746869651   1.001045694673131
   0.850253238814367   1.001120518191589
   0.850756567138077   1.001079653137705
   0.851252877754156   1.000983076965164
   0.851750810865232   1.001112358944553
   0.852253395003040   1.001172753908331
   0.852749630671905   1.001096251689398
   0.853240509823486   1.001014724885575
   0.853750749861255   1.001001647671753
   0.854251486175672   1.000840350504844
   0.854746322946022   1.001201732474353
   0.855250806037045   1.000905195085129
   0.855746735346522   1.000840627239565
   0.856245727971035   1.001180379031759
   0.856755446550635   1.000865067961733
   0.857253895101698   1.000948965668440
   0.857750140999810   1.001137117427938
   0.858249496491708   1.001011657620607
   0.858747498597099   1.000905239482096
   0.859246137999973   1.000974154718374
   0.859751268129748   1.001092208078109
   0.860250501875243   1.000864180934477
   0.860750876147233   1.000980930110332
   0.861249162899060   1.001021815322296
   0.861750896614112   1.000804231834600
   0.862253603975907   1.000808511529244
   0.862752660567179   1.000855024624248
   0.863255772140339   1.000876745089744
   0.863749742531298   1.000936128617324
   0.864253637480291   1.000896126427732
   0.864754683235313   1.000783794986939
   0.865250808368523   1.001057706356049
   0.865754581760852   1.000727577653586
   0.866250434998878   1.001070859789848
   0.866739787152662   1.000763698354454
   0.867247863003347   1.000851515609186
   0.867752633273458   1.000648761419223
   0.868243890352450   1.000876471489135
   0.868749407278414   1.001015757656283
   0.869246770741793   1.000729169377703
   0.869745703662060   1.000776097761186
   0.870255278755389   1.000789117739826
   0.870751706050254   1.000762832880020
   0.871249453080845   1.000877758334665
   0.871749328480012   1.000859927422930
   0.872247574994877   1.000694420234657
   0.872745865503786   1.000727578542615
   0.873253252289570   1.000781387857872
   0.873749250222177   1.000823175093256
   0.874249088602337   1.000629432708863
   0.874750833012510   1.000898211259468
   0.875251389948916   1.000549588161024
   0.875754503296246   1.000732653471361
   0.876252620212376   1.000695840846857
   0.876753944331020   1.000583104106650
   0.877249920267092   1.000628704669840
   0.877754020634307   1.000594518022411
   0.878257310602911   1.000565347695115
   0.878753058871440   1.000845456719399
   0.879252863644665   1.000570389410918
   0.879750104183223   1.000435001293658
   0.880239787643811   1.000569886497913
   0.880745455672778   1.000682332194768
   0.881249415768528   1.000484346982204
   0.881743418162048   1.000476355888606
   0.882249739092291   1.000571381999180
   0.882747751508043   1.000366248867729
   0.883245419605213   1.000441258946316
   0.883754933658717   1.000575698523158
   0.884250545043377   1.000464905936076
   0.884749900255816   1.000559691772904
   0.885252204219237   1.000564794965310
   0.885748556749817   1.000365752151342
   0.886245906886739   1.000540034006570
   0.886750974162522   1.000477430024166
   0.887249021098558   1.000410152687913
   0.887747283929546   1.000435794115067
   0.888247519313195   1.000597169801193
   0.888750756146055   1.000271042970222
   0.889255644362749   1.000455566578441
   0.889753310116812   1.000374617080877
   0.890253634371916   1.000371178337770
   0.890746644358668   1.000476018836101
   0.891253624184929   1.000397700204778
   0.891758450764033   1.000287082868352
   0.892254701163814   1.000562917663756
   0.892754458110090   1.000209343128317
   0.893250614489877   1.000420761823654
   0.893736822372231   1.000399265212086
   0.894243594584075   1.000374366686894
   0.894747594670384   1.000198345780373
   0.895244285485715   1.000478290932850
   0.895751142084038   1.000199690896865
   0.896250464968271   1.000201689363017
   0.896748109364808   1.000382587761807
   0.897251386978698   1.000337211702897
   0.897747438384616   1.000251391147644
   0.898247660384585   1.000498519546684
   0.898749288783799   1.000324791989791
   0.899252613746627   1.000250212279668
   0.899750526218447   1.000255616731010
   0.900252313821724   1.000246999653306
   0.900748793868578   1.000159408399451
   0.901245551677478   1.000355169384427
   0.901747943485087   1.000402232509782
   0.902252832212714   1.000001732984554
   0.902754613061330   1.000435543325749
   0.903251268989274   1.000233179889619
   0.903753461219997   1.000155447991259
   0.904245939658079   1.000108671590749
   0.904751581107272   1.000168637156047
   0.905259178413179   1.000138305562363
   0.905753011553245   1.000163847208023
   0.906255244674871   1.000109836663285
   0.906750570355077   1.000154137490487
   0.907238120280748   1.000172617094171
   0.907744357296679   1.000302117833724
   0.908247550330912   1.000147681645673
   0.908743489137286   1.000256593067815
   0.909249663214137   1.000038871041532
   0.909748612309377   1.000031523866418
   0.910245048667242   1.000272871523029
   0.910751239205842   1.000132672008007
   0.911248300594205   1.000146196511929
   0.911747083362739   1.000199938910481
   0.912248999474709   1.000110993683931
   0.912751045602869   0.999955140829086
   0.913249479891906   0.999978958983947
   0.913752218782792   1.000113750833914
   0.914248853517845   0.999907781026083
   0.914747983893007   0.999957423124995
   0.915248715797567   1.000221341438518
   0.915752108775957   0.999758091998007
   0.916255891288908   1.000062901156427
   0.916749050538894   0.999971544131255
   0.917251113449621   0.999858258302929
   0.917744231922242   1.000049529848872
   0.918250860664210   0.999879123100056
   0.918759752291216   0.999922572109704
   0.919251984552399   1.000082926557522
   0.919753977354714   0.999751273681701
   0.920250347597317   0.999837434439926
   0.920740503439213   1.000002951849075
   0.921250716976435   0.999943417036670
   0.921752460593704   0.999736375440427
   0.922244625767911   1.000003402421970
   0.922748609423015   0.999841826837986
   0.923249838949498   0.999767485462909
   0.923745844047928   0.999995267208158
   0.924248391154492   0.999801020802652
   0.924746608489963   0.999820555062228
   0.925247658318598   0.999788609789867
   0.925748673250224   0.999786352472646
   0.926252687539399   0.999660310764161
   0.926750024754970   0.999935186406964
   0.927252050409593   0.999708049430581
   0.927747521403961   0.999695705507466
   0.928248603143381   0.999793593490881
   0.928748675058602   0.999889917700898
   0.929252403129059   0.999601231162562
   0.929753115566365   0.999962020458872
   0.930247029113500   0.999762960606151
   0.930748572375837   0.999782642273054
   0.931242361574334   0.999846447063942
   0.931756127414807   0.999881339356494
   0.932264585720616   0.999663473659531
   0.932753173362478   0.999852926845095
   0.933257820214581   0.999703751288162
   0.933752087488367   0.999746103673500
   0.934243604538466   0.999805523681452
   0.934750491311902   0.999631733282067
   0.935252683675083   0.999421262058500
   0.935747127117812   0.999797295778990
   0.936250522081841   0.999698962584460
   0.936748235697204   0.999444157254597
   0.937245075616844   0.999902646938191
   0.937746356794562   0.999675306286475
   0.938245769624734   0.999665411510090
   0.938748011841533   0.999671069376623
   0.939247231849064   0.999635100719475
   0.939751493581929   0.999489735871080
   0.940250433551763   0.999755652532691
   0.940749993814972   0.999523897531255
   0.941249174874560   0.999400087158279
   0.941748658227512   0.999620549847381
   0.942247858967248   0.999675318219657
   0.942749203512143   0.999303876416856
   0.943252856458893   0.999768790841103
   0.943749959846661   0.999674088120461
   0.944252564638951   0.999507027609339
   0.944744086713658   0.999658595171751
   0.945253772473172   0.999673142139591
   0.945760671678149   0.999589926163519
   0.946253361534613   0.999527305364609
   0.946756985455891   0.999659450888634
   0.947251456591816   0.999508899850904
   0.947745979471801   0.999611804476026
   0.948251876703495   0.999488899811250
   0.948752362034575   0.999502570456422
   0.949248128269239   0.999487031525219
   0.949747629791657   0.999563628966265
   0.950245552635909   0.999568110408862
   0.950743139213945   0.999351074904886
   0.951246853966258   0.999585889565824
   0.951744186130708   0.999599222130559
   0.952248016191599   0.999442689179435
   0.952746450088276   0.999567507986520
   0.953249855313618   0.999388246913441
   0.953749647545920   0.999643269926310
   0.954248952617349   0.999451546024376
   0.954748540090524   0.999410211103136
   0.955248797612761   0.999388090528623
   0.955746124036504   0.999551643711506
   0.956249479223893   0.999330598450260
   0.956752855652395   0.999686436667558
   0.957250155799565   0.999353005548920
   0.957750297510015   0.999546488593606
   0.958244014430335   0.999334799463739
   0.958751704987288   0.999470713418289
   0.959256165217567   0.999309991724526
   0.959753598260477   0.999477867510921
   0.960256550342730   0.999548188893192
   0.960751632419668   0.999417624483166
   0.961249708155350   0.999271178153313
   0.961753747113830   0.999493417506684
   0.962255021845369   0.999278029249358
   0.962748496966259   0.999308002804092
   0.963244799327477   0.999444949486401
   0.963746583453684   0.999412643249895
   0.964243421912547   0.999310941075000
   0.964746376152107   0.999412653519183
   0.965241906910199   0.999415970556807
   0.965745701718485   0.999361340681087
   0.966245830163978   0.999440458709587
   0.966750445186359   0.999389442836264
   0.967249827222421   0.999256264342953
   0.967747207304882   0.999375201116397
   0.968249441355972   0.999444351215025
   0.968747452295938   0.999217229160836
   0.969246746349413   0.999485583577034
   0.969751949822665   0.999269095964210
   0.970251811635179   0.999390612708198
   0.970748867702302   0.999304690851053
   0.971249739838267   0.999352450220899
   0.971739966732986   0.999338201681773
   0.972250195643220   0.999276648588286
   0.972756967901386   0.999340922633807
   0.973250170475744   0.999352018153277
   0.973756510640566   0.999315831316523
   0.974253740035521   0.999434037642045
   0.974750556473896   0.999285325612107
   0.975252950444203   0.999170145067838
   0.975753558371016   0.999227085232735
   0.976248957397131   0.999173590149063
   0.976748328960350   0.999306096688030
   0.977248570998496   0.999181680625579
   0.977745753552290   0.999274277870120
   0.978248905812599   0.999292511132456
   0.978745749349595   0.999232109112315
   0.979247721559735   0.999112548799854
   0.979744623294575   0.999214152019181
   0.980250448698521   0.999141141339935
   0.980749915427987   0.999158210749549
   0.981248419690187   0.999280873760284
   0.981749265800478   0.999217145659279
   0.982247061693964   0.999008216630153
   0.982745506477354   0.999301403644038
   0.983252339857173   0.999163946677834
   0.983752882352170   0.999062379762050
   0.984249778244322   0.999139640383616
   0.984749532661414   0.999135443427431
   0.985239986463928   0.999066604274226
   0.985748210666973   0.999104682730033
   0.986255307104857   0.998893501714241
   0.986749720828351   0.998675119969272
   0.987255337094450   0.998301257827494
   0.987752600607858   0.998174331188202
   0.988250657551605   0.997935105655708
   0.988750595620985   0.997886093505415
   0.989253264306640   0.997928304448286
   0.989752002471633   0.998095417118456
   0.990247647778756   0.997914596382840
   0.990749177772431   0.997909874027470
   0.991246789452767   0.997885624184111
   0.991749712683037   0.997972930631330
   0.992248373557744   0.997898892497633
   0.992746456899397   0.997901115810895
   0.993244441502769   0.997971078592860
   0.993753994780231   0.997892561526526
   0.994254280242053   0.997876526396952
   0.994748246800684   0.997989904903944
   0.995250081903537   0.997930095585404
   0.995748389862308   0.997676776625262
   0.996246914937860   0.997926760156260
   0.996752241849851   0.997834782981308
   0.997254462325452   0.997862577558768
   0.997750490254846   0.997955038994848
   0.998249694689030   0.997819185727212
   0.998737050206669   0.997733696484665
   0.999245289852341   0.997900451120929
   0.999756931568984   0.997953617012086
